[head]
texture = fd_clip.png
total_frame = 3
[1]
lb_x = 0.000000
lb_y = 0.500000
lt_x = 0.000000
lt_y = 0.750000
rt_x = 0.333333
rt_y = 0.750000
rb_x = 0.333333
rb_y = 0.500000
[2]
lb_x = 0.333333
lb_y = 0.500000
lt_x = 0.333333
lt_y = 0.750000
rt_x = 0.666667
rt_y = 0.750000
rb_x = 0.666667
rb_y = 0.500000
[3]
lb_x = 0.666667
lb_y = 0.500000
lt_x = 0.666667
lt_y = 0.750000
rt_x = 1.000000
rt_y = 0.750000
rb_x = 1.000000
rb_y = 0.500000
